SIZES
  narena                14680064
  nbuffer               208048
  nplugin               0
  maxuse_stack          5512
  maxuse_arena          29944
  maxuse_con            1
  maxuse_efc            28
  solver_nisland        1
  ne                    7
  nf                    13
  nl                    0
  nefc                  20
  nnzJ                  260
  ncon                  0
  nisland               0
  threadpool            0

TIMER
    0:  duration =  0.14       number = 2
    1:  duration =  0.13       number = 2
    2:  duration =  0          number = 0
    3:  duration =  0.24       number = 3
    4:  duration =  0.0061     number = 2
    5:  duration =  0.0017     number = 2
    6:  duration =  0.017      number = 2
    7:  duration =  0.0058     number = 2
    8:  duration =  0.014      number = 3
    9:  duration =  0.0044     number = 3
    10:  duration =  0.21       number = 3
    11:  duration =  0.014      number = 3
    12:  duration =  0.00017    number = 3
    13:  duration =  0.017      number = 3
    14:  duration =  0.18       number = 3

SOLVER STAT
  solver_nisland = 1
  solver_fwdinv =   0         0       
  ISLAND 0
    solver_niter = 1
    solver_nnz = 169
      0:  improvement =  2.2e+03     gradient =  4.5e-15     lineslope =  0       
          nactive = 20   nchange = 0   neval = 2   nupdate = 0

ENERGY =   0         0       

TIME =  53      

QPOS
  -0.071   
   0.3     
   0.078   
  -0.012   
   0.11    
   0.14    
   3e-05   
   0.0034  
   0.0025  
   0.0054  
   0.0035  
   0.0049  
   0.004   

QVEL
   0.2     
   0.11    
   0.12    
   0.089   
   0.3     
  -0.035   
   0.014   
  -0.021   
  -2.1     
  -0.38    
  -0.0024  
   0.94    
  -1.3     

QACC_WARMSTART
  -2.1e+02 
   2.3e+02 
   1.6e+03 
  -45      
   5.9e+03 
  -1e+03   
  -4.4e+03 
   0.32    
   1.1e+02 
   69      
  -0.85    
  -50      
   2.5e+02 

CTRL
   5.9     
   2.1     
   4       
   1.9     
   0.19    
  -0.2     
   0.00018 
   0       

QFRC_APPLIED
   0       
   0       
   0       
   0       
   0       
   0       
   0       
   0       
   0       
   0       
   0       
   0       
   0       

XFRC_APPLIED
   0         0         0         0         0         0       
   0         0         0         0         0         0       
   0         0         0         0         0         0       
   0         0         0         0         0         0       
   0         0         0         0         0         0       
   0         0         0         0         0         0       
   0         0         0         0         0         0       
   0         0         0         0         0         0       
   0         0         0         0         0         0       
   0         0         0         0         0         0       
   0         0         0         0         0         0       
   0         0         0         0         0         0       
   0         0         0         0         0         0       
   0         0         0         0         0         0       
   0         0         0         0         0         0       
   0         0         0         0         0         0       
   0         0         0         0         0         0       

EQ_ACTIVE             1 1 1

QACC
  -2.1e+02 
   2.3e+02 
   1.6e+03 
  -45      
   5.9e+03 
  -1e+03   
  -4.4e+03 
   0.32    
   1.1e+02 
   69      
  -0.85    
  -50      
   2.5e+02 

XPOS
   0         0         0       
   0         0         0       
   0         0         0.12    
   0         0         0.39    
   0         0         0.39    
   0.087    -0.0062    0.67    
   0.14     -0.0058    0.65    
   0.11      0.0022    0.3     
   0.11      0.0022    0.3     
   0.13     -0.0018    0.18    
   0.13     -0.0018    0.18    
   0.11      0.035     0.13    
   0.094     0.072     0.089   
   0.1       0.021     0.11    
   0.1      -0.035     0.13    
   0.079    -0.068     0.091   
   0.096    -0.019     0.11    

XQUAT
   1         0         0         0       
   1         0         0         0       
   1         0         0         0       
   1         0         0        -0.036   
   0.7      -0.69      0.13      0.081   
   0.99      0.011     0.15      0.0029  
   0.69      0.71      0.11     -0.11    
  -0.0025    0.99     -0.052    -0.16    
  -0.69      0.68     -0.2      -0.12    
  -0.0062    0.97     -0.052    -0.23    
   0.23     -0.052    -0.97     -0.0062  
   0.23     -0.051    -0.97     -0.0045  
   0.23     -0.052    -0.97     -0.0078  
   0.23     -0.051    -0.97     -0.0032  
   0.23     -0.052    -0.97     -0.0079  
   0.23     -0.052    -0.97     -0.0064  
   0.23     -0.052    -0.97     -0.0094  

XMAT
   1         0         0         0         1         0         0         0         1       
   1         0         0         0         1         0         0         0         1       
   1         0         0         0         1         0         0         0         1       
   1         0.072     0        -0.072     1        -0        -0         0         1       
   0.95     -0.3       0.072    -0.069     0.021     1        -0.3      -0.95     -9.1e-17 
   0.96     -0.0023    0.3       0.009     1        -0.021    -0.3       0.023     0.95    
   0.95      0.31      0.0023    0.0092   -0.021    -1        -0.31      0.95     -0.023   
   0.95     -0.1      -0.31     -0.1      -0.99      0.021    -0.31      0.011    -0.95    
   0.89     -0.44      0.1      -0.098     0.035     0.99     -0.44     -0.9      -0.011   
   0.89     -0.1      -0.44     -0.098    -0.99      0.035    -0.44      0.011    -0.9     
  -0.89      0.1      -0.44      0.098     0.99      0.035     0.44     -0.011    -0.9     
  -0.89      0.1      -0.44      0.098     0.99      0.032     0.44     -0.014    -0.9     
  -0.89      0.1      -0.44      0.098     0.99      0.039     0.44     -0.0082   -0.9     
  -0.89      0.1      -0.44      0.098     0.99      0.029     0.44     -0.017    -0.9     
  -0.89      0.1      -0.44      0.098     0.99      0.039     0.44     -0.0081   -0.9     
  -0.89      0.1      -0.44      0.098     0.99      0.036     0.44     -0.011    -0.9     
  -0.89      0.11     -0.44      0.098     0.99      0.042     0.44     -0.0052   -0.9     

XIPOS
   0         0         0       
   0         0         0       
  -0.021    -0.0016    0.18    
   0.0019    0.029     0.37    
   0.04      0.015     0.51    
   0.13     -0.03      0.65    
   0.17     -0.015     0.52    
   0.11     -0.014     0.33    
   0.15      0.018     0.24    
   0.14      0.0046    0.19    
   0.11     -0.002     0.14    
   0.1       0.057     0.11    
   0.079     0.057     0.063   
   0.091     0.043     0.09    
   0.092    -0.055     0.11    
   0.068    -0.051     0.064   
   0.083    -0.04      0.091   

XIMAT
   1         0         0         0         1         0         0         0         1       
   1         0         0         0         1         0         0         0         1       
   0.053    -0.91      0.42      0.99     -0.0072   -0.14      0.13      0.42      0.9     
   0.99      0.11      0.029    -0.11      0.91      0.4       0.018    -0.4       0.92    
   0.96      0.19      0.22     -0.053     0.86     -0.51     -0.29      0.48      0.83    
   0.64      0.38      0.67      0.11      0.82     -0.56     -0.76      0.43      0.49    
   0.78     -0.62      0.11     -0.58     -0.64      0.5      -0.24     -0.46     -0.86    
   0.94     -0.12     -0.31     -0.14     -0.99     -0.039    -0.3       0.082    -0.95    
   0.36      0.81      0.47      0.92     -0.23     -0.31     -0.14      0.55     -0.83    
  -0.43     -0.89      0.12      0.084     0.098     0.99     -0.9       0.44      0.033   
  -0.9       0.16     -0.41      0.1       0.98      0.18      0.43      0.12     -0.9     
  -0.89     -0.42      0.15      0.098    -0.51     -0.85      0.44     -0.75      0.5     
  -0.042     0.89     -0.45      0.95     -0.098    -0.28     -0.3      -0.44     -0.85    
   0.36      0.89     -0.27      0.74     -0.098     0.66      0.57     -0.44     -0.7     
  -0.89     -0.31     -0.33      0.098     0.57     -0.81      0.44     -0.76     -0.48    
   0.24      0.89     -0.38      0.93     -0.098     0.35      0.28     -0.44     -0.85    
  -0.2       0.89     -0.4       0.79     -0.098    -0.61     -0.58     -0.44     -0.68    

XANCHOR
   0         0         0.39    
   0         0         0.39    
   0.087    -0.0062    0.67    
   0.14     -0.0058    0.65    
   0.11      0.0022    0.3     
   0.11      0.0022    0.3     
   0.13     -0.0018    0.18    
   0.11      0.035     0.13    
   0.094     0.072     0.089   
   0.1       0.021     0.11    
   0.1      -0.035     0.13    
   0.079    -0.068     0.091   
   0.096    -0.019     0.11    

XAXIS
   0         0         1       
   0.072     1         1.1e-16 
   0.3      -0.021     0.95    
   0.0023   -1        -0.023   
  -0.31      0.021    -0.95    
   0.1       0.99     -0.011   
  -0.44      0.035    -0.9     
  -0.89      0.098     0.44    
   0.89     -0.098    -0.44    
  -0.89      0.098     0.44    
   0.89     -0.098    -0.44    
  -0.89      0.098     0.44    
   0.89     -0.098    -0.44    

GEOM_XPOS
  -0.0023    7.6e-05   0.18    
   0.00039   0.0075    0.36    
   0.03      0.046     0.47    
   0.11     -0.0035    0.64    
   0.17     -0.044     0.56    
   0.12     -0.031     0.37    
   0.15      0.0068    0.27    
   0.14     -0.00084   0.19    
   0.11     -0.00011   0.14    
   0.1       0.053     0.11    
   0.08      0.057     0.064   
   0.092     0.042     0.092   
   0.093    -0.051     0.11    
   0.069    -0.052     0.066   
   0.083    -0.039     0.093   

GEOM_XMAT
   0.051    -1         0.052     1         0.051    -0.003     0.00041   0.052     1       
   1         0.068     0.028    -0.073     0.94      0.33     -0.0043   -0.33      0.94    
   0.95      0.22      0.21     -0.067     0.82     -0.58     -0.3       0.53      0.79    
   0.59      0.076     0.8       0.23      0.94     -0.26     -0.77      0.34      0.54    
   0.92      0.32      0.2       0.17     -0.82      0.55      0.34     -0.47     -0.81    
   0.95     -0.027    -0.32     -0.12     -0.96     -0.26     -0.3       0.29     -0.91    
   0.34      0.67      0.66      0.93     -0.12     -0.36     -0.16      0.73     -0.66    
  -0.44     -0.89      0.1       0.037     0.098     0.99     -0.9       0.44     -0.0094  
  -0.92      0.089    -0.38      0.099     1        -0.0063    0.38     -0.044    -0.92    
  -0.89     -0.42      0.15      0.098    -0.51     -0.86      0.44     -0.75      0.49    
  -0.057     0.89     -0.45      0.94     -0.099    -0.32     -0.33     -0.44     -0.84    
   0.36      0.89     -0.27      0.74     -0.096     0.66      0.57     -0.44     -0.7     
  -0.89     -0.31     -0.32      0.098     0.57     -0.82      0.44     -0.76     -0.47    
   0.25      0.89     -0.37      0.92     -0.095     0.39      0.31     -0.44     -0.84    
  -0.2       0.89     -0.4       0.79     -0.097    -0.61     -0.58     -0.44     -0.68    

SITE_XPOS
   0.13     -0.0018    0.18    
   0.055     0.0043    0.027   

SITE_XMAT
   0.89     -0.1      -0.44     -0.098    -0.99      0.035    -0.44      0.011    -0.9     
  -0.89      0.1      -0.44      0.098     0.99      0.035     0.44     -0.011    -0.9     

SUBTREE_COM
   0.084     0.0021    0.4     
   0.084     0.0021    0.4     
   0.084     0.0021    0.4     
   0.092     0.0024    0.42    
   0.12     -0.0048    0.43    
   0.14     -0.01      0.41    
   0.14     -0.0037    0.34    
   0.13      0.0016    0.25    
   0.13      0.011     0.2     
   0.11      0.00012   0.14    
   0.1      -0.00088   0.12    
   0.089     0.057     0.084   
   0.079     0.057     0.063   
   0.091     0.043     0.09    
   0.078    -0.053     0.085   
   0.068    -0.051     0.064   
   0.083    -0.04      0.091   

CDOF
   0         0         1        -0.0021    0.084     0       
   0.072     1         1.1e-16   0.013    -0.00097  -0.083   
   0.3      -0.021     0.95     -0.0023    0.076     0.0024  
   0.0023   -1        -0.023     0.25      0.0018   -0.053   
  -0.31      0.021    -0.95      0.002     0.051     0.00049 
   0.1       0.99     -0.011     0.098    -0.01      0.022   
  -0.44      0.035    -0.9       0.011     0.14     -3.8e-05 
  -0.89      0.098     0.44      0.041     0.23      0.032   
   0.89     -0.098    -0.44     -0.061    -0.27     -0.063   
  -0.89      0.098     0.44      0.036     0.25      0.018   
   0.89     -0.098    -0.44     -0.01     -0.24      0.031   
  -0.89      0.098     0.44     -0.00062   0.28     -0.063   
   0.89     -0.098    -0.44     -0.019    -0.25      0.018   

CINERT
   0         0         0         0         0         0         0         0         0         0       
   0         0         0         0         0         0        -0        -0        -0         0       
   0.048     0.058     0.012    -0.00022  -0.021    -0.00047  -0.093    -0.0033   -0.2       0.89    
   0.009     0.022     0.021     0.0052   -0.0051    0.00078  -0.19      0.064    -0.062     2.4     
   0.032     0.033     0.0083    0.0019    0.0076    0.0006   -0.083     0.023     0.2       1.9     
   0.1       0.1       0.0081    0.0028   -0.019     0.013     0.074    -0.053     0.4       1.6     
   0.031     0.042     0.016     0.0021   -0.017     0.0054    0.15     -0.029     0.2       1.7     
   0.013     0.013     0.0031    0.00051   0.0015   -0.0017    0.037    -0.022    -0.098     1.3     
   0.035     0.041     0.0078   -0.0012    0.014     0.0031    0.089     0.022    -0.21      1.3     
   0.0076    0.008     0.0006   -2.8e-05   0.0019    8.3e-05   0.0089    0.00042  -0.036     0.17    
   0.038     0.038     0.00068   5.2e-05   0.0037   -0.00057   0.014    -0.0022   -0.14      0.54    
   0.0029    0.0028    0.00013  -3.6e-05   0.0002    0.00054   0.00069   0.0018   -0.0096    0.034   
   0.0057    0.0055    0.00015   1e-05    -7.8e-05   0.00088  -0.00022   0.0026   -0.016     0.048   
   0.0023    0.0022    4.6e-05  -5.9e-06   5.3e-05   0.0003    0.00017   0.00095  -0.0071    0.023   
   0.0029    0.0028    0.00013   1.3e-05   8.1e-05  -0.00056   0.00029  -0.0019   -0.0096    0.034   
   0.0056    0.0055    0.00015  -3.8e-05  -0.00026  -0.00085  -0.00075  -0.0026   -0.016     0.048   
   0.0022    0.0022    4.6e-05  -2.3e-06  -8.9e-06  -0.0003   -2.7e-05  -0.00097  -0.0071    0.023   

TEN_LENGTH
   0.0035  

TEN_MOMENT
   0         0         0         0         0         0         0         0.5       0         0         0.5       0         0       

TENDON 0: 0 wrap points

ACTUATOR_LENGTH
  -0.072   
   0.3     
   0.078   
  -0.012   
   0.11    
   0.14    
   2.1e-06 
   0.0035  

ACTUATOR_MOMENT
   1         0         0         0         0         0         0         0         0         0         0         0         0       
   0         1         0         0         0         0         0         0         0         0         0         0         0       
   0         0         1         0         0         0         0         0         0         0         0         0         0       
   0         0         0         1         0         0         0         0         0         0         0         0         0       
   0         0         0         0         1         0         0         0         0         0         0         0         0       
   0         0         0         0         0         1         0         0         0         0         0         0         0       
   0         0         0         0         0         0         1         0         0         0         0         0         0       
   0         0         0         0         0         0         0         0.5       0         0         0.5       0         0       

CRB
   0         0         0         0         0         0         0         0         0         0       
   0.34      0.38      0.078     0.011    -0.033     0.02     -1.9e-16  -8.2e-18   2.2e-16   12      
   0.34      0.38      0.078     0.011    -0.033     0.02     -1.9e-16  -8.2e-18   2.2e-16   12      
   0.29      0.32      0.066     0.011    -0.012     0.021     0.093     0.0033    0.2       11      
   0.28      0.3       0.045     0.0061   -0.0066    0.02      0.29     -0.061     0.26      8.8     
   0.25      0.27      0.037     0.0042   -0.014     0.02      0.37     -0.084     0.056     6.9     
   0.15      0.16      0.029     0.0014    0.0046    0.0063    0.3      -0.031    -0.34      5.3     
   0.11      0.12      0.013    -0.00073   0.022     0.00086   0.15     -0.0019   -0.55      3.6     
   0.1       0.11      0.0097   -0.0012    0.02      0.0026    0.11      0.02     -0.45      2.2     
   0.067     0.067     0.0019   -3.5e-05   0.0056   -0.00048   0.023    -0.0018   -0.24      0.92    
   0.059     0.059     0.0013   -7.2e-06   0.0037   -0.00056   0.015    -0.0022   -0.21      0.75    
   0.0085    0.0083    0.00028  -2.6e-05   0.00012   0.0014    0.00047   0.0045   -0.026     0.082   
   0.0057    0.0055    0.00015   1e-05    -7.8e-05   0.00088  -0.00022   0.0026   -0.016     0.048   
   0.0023    0.0022    4.6e-05  -5.9e-06   5.3e-05   0.0003    0.00017   0.00095  -0.0071    0.023   
   0.0085    0.0082    0.00028  -2.5e-05  -0.00018  -0.0014   -0.00046  -0.0045   -0.026     0.082   
   0.0056    0.0055    0.00015  -3.8e-05  -0.00026  -0.00085  -0.00075  -0.0026   -0.016     0.048   
   0.0022    0.0022    4.6e-05  -2.3e-06  -8.9e-06  -0.0003   -2.7e-05  -0.00097  -0.0071    0.023   

QM
   0.16      0.017     0.13     -0.0019   -0.022     0.0039   -0.00096  -0.00024   0.00012  -3.8e-05   0.00025  -0.00011   4.2e-05 
   0.017     0.42      0.017    -0.21     -0.0011    0.063     3.9e-05   0.00038   0.00015   0.00011   0.0003    0.00018   9.9e-05 
   0.13      0.017     0.14      0.003    -0.029     0.0037   -0.0011   -0.00064   0.00024  -9.8e-05   0.00064  -0.00024   0.0001  
  -0.0019   -0.21      0.003     0.65     -0.0024   -0.11     -2.3e-05  -0.00059  -7e-05    -0.00014  -6.3e-05  -0.00025  -6.1e-05 
  -0.022    -0.0011   -0.029    -0.0024    0.013    -0.00096   0.001     0.00016  -6.4e-05   2.5e-05  -0.00016   6.4e-05  -2.5e-05 
   0.0039    0.063     0.0037   -0.11     -0.00096   0.037     3.7e-05   0.00012   6e-05     3.8e-05   0.00012   6e-05     3.8e-05 
  -0.00096   3.9e-05  -0.0011   -2.3e-05   0.001     3.7e-05   0.001     6.5e-19  -7.9e-19  -1.1e-09  -1.2e-18   2.7e-19   1.1e-09 
  -0.00024   0.00038  -0.00064  -0.00059   0.00016   0.00012   6.5e-19   0.0053   -0.0001    0         0         0         0       
   0.00012   0.00015   0.00024  -7e-05    -6.4e-05   6e-05    -7.9e-19  -0.0001    7.2e-05   0         0         0         0       
  -3.8e-05   0.00011  -9.8e-05  -0.00014   2.5e-05   3.8e-05  -1.1e-09   0         0         3.3e-05   0         0         0       
   0.00025   0.0003    0.00064  -6.3e-05  -0.00016   0.00012  -1.2e-18   0         0         0         0.0053   -0.0001    0       
  -0.00011   0.00018  -0.00024  -0.00025   6.4e-05   6e-05     2.7e-19   0         0         0        -0.0001    7.2e-05   0       
   4.2e-05   9.9e-05   0.0001   -6.1e-05  -2.5e-05   3.8e-05   1.1e-09   0         0         0         0         0         3.3e-05 

QLD
   0.031    -0.0079    1.1       0.0012   -1.8       0.11     -0.94     -0.014     1.6      -1.2       0.018    -1.5       1.3     
  -0.0079    0.31      0.18     -0.055     0.049     1.7       0.038     0.12      2.1       3.4       0.11      2.5       3       
   1.1       0.18      0.07      0.005    -2.4       0.1      -1.1      -0.056     3.3      -3         0.059    -3.3       3       
   0.0012   -0.055     0.005     0.29     -0.46     -3.1      -0.022    -0.13     -0.97     -4.3      -0.081    -3.4      -1.9     
  -1.8       0.049    -2.4      -0.46      0.011    -0.027     1         0.012    -0.9       0.75     -0.012     0.9      -0.75    
   0.11      1.7       0.1      -3.1      -0.027     0.036     0.037     0.041     0.83      1.2       0.041     0.84      1.2     
  -0.94      0.038    -1.1      -0.022     1         0.037     0.001    -9.4e-17  -1.1e-14  -3.2e-05  -1.6e-16   3.8e-15   3.2e-05 
  -0.014     0.12     -0.056    -0.13      0.012     0.041    -9.4e-17   0.0052   -1.4       0         0         0         0       
   1.6       2.1       3.3      -0.97     -0.9       0.83     -1.1e-14  -1.4       7.2e-05   0         0         0         0       
  -1.2       3.4      -3        -4.3       0.75      1.2      -3.2e-05   0         0         3.3e-05   0         0         0       
   0.018     0.11      0.059    -0.081    -0.012     0.041    -1.6e-16   0         0         0         0.0052   -1.4       0       
  -1.5       2.5      -3.3      -3.4       0.9       0.84      3.8e-15   0         0         0        -1.4       7.2e-05   0       
   1.3       3         3        -1.9      -0.75      1.2       3.2e-05   0         0         0         0         0         3.3e-05 

QLDIAGINV
   32      
   3.2     
   14      
   3.4     
   88      
   27      
   9.8e+02 
   1.9e+02 
   1.4e+04 
   3e+04   
   1.9e+02 
   1.4e+04 
   3e+04   

QLDIAGSQRTINV
   5.7     
   1.8     
   3.8     
   1.9     
   9.4     
   5.2     
   31      
   14      
   1.2e+02 
   1.7e+02 
   14      
   1.2e+02 
   1.7e+02 

D_rownnz              13 13 13 13 13 13 13 9 9 8 9 9 8

D_rowadr              0 13 26 39 52 65 78 91 100 109 117 126 135

D_colind              0 1 2 3 4 5 6 7 8 9 10 11 12 0 1 2 3 4 5 6 7 8 9 10 11 12 0 1 2 3 4 5 6 7 8 9 10 11 12 0 1 2 3 4 5 6 7 8 9 10 11 12 0 1 2 3 4 5 6 7 8 9 10 11 12 0 1 2 3 4 5 6 7 8 9 10 11 12 0 1 2 3 4 5 6 7 8 9 10 11 12 0 1 2 3 4 5 6 7 8 0 1 2 3 4 5 6 7 8 0 1 2 3 4 5 6 9 0 1 2 3 4 5 6 10 11 0 1 2 3 4 5 6 10 11 0 1 2 3 4 5 6 12

B_rownnz              13 13 13 13 13 13 13 13 13 13 13 9 9 8 9 9 8

B_rowadr              0 13 26 39 52 65 78 91 104 117 130 143 152 161 169 178 187

B_colind              0 1 2 3 4 5 6 7 8 9 10 11 12 0 1 2 3 4 5 6 7 8 9 10 11 12 0 1 2 3 4 5 6 7 8 9 10 11 12 0 1 2 3 4 5 6 7 8 9 10 11 12 0 1 2 3 4 5 6 7 8 9 10 11 12 0 1 2 3 4 5 6 7 8 9 10 11 12 0 1 2 3 4 5 6 7 8 9 10 11 12 0 1 2 3 4 5 6 7 8 9 10 11 12 0 1 2 3 4 5 6 7 8 9 10 11 12 0 1 2 3 4 5 6 7 8 9 10 11 12 0 1 2 3 4 5 6 7 8 9 10 11 12 0 1 2 3 4 5 6 7 8 0 1 2 3 4 5 6 7 8 0 1 2 3 4 5 6 9 0 1 2 3 4 5 6 10 11 0 1 2 3 4 5 6 10 11 0 1 2 3 4 5 6 12

QDERIV
  -1.6e+02   0         0         0         0         0         0         0         0         0         0         0         0       
   0        -1.6e+02   0         0         0         0         0         0         0         0         0         0         0       
   0         0        -1e+02     0         0         0         0         0         0         0         0         0         0       
   0         0         0        -1e+02     0         0         0         0         0         0         0         0         0       
   0         0         0         0        -1e+02     0         0         0         0         0         0         0         0       
   0         0         0         0         0        -82        0         0         0         0         0         0         0       
   0         0         0         0         0         0        -82        0         0         0         0         0         0       
   0         0         0         0         0         0         0        -2.6       0         0         0         0         0       
   0         0         0         0         0         0         0         0         0         0         0         0         0       
   0         0         0         0         0         0         0         0         0        -0.0013    0         0         0       
   0         0         0         0         0         0         0         0         0         0        -2.6       0         0       
   0         0         0         0         0         0         0         0         0         0         0         0         0       
   0         0         0         0         0         0         0         0         0         0         0         0        -0.0013  

QLU
   0         0         0         0         0         0         0         0         0         0         0         0         0       
   0         0         0         0         0         0         0         0         0         0         0         0         0       
   0         0         0         0         0         0         0         0         0         0         0         0         0       
   0         0         0         0         0         0         0         0         0         0         0         0         0       
   0         0         0         0         0         0         0         0         0         0         0         0         0       
   0         0         0         0         0         0         0         0         0         0         0         0         0       
   0         0         0         0         0         0         0         0         0         0         0         0         0       
   0         0         0         0         0         0         0         0         0         0         0         0         0       
   0         0         0         0         0         0         0         0         0         0         0         0         0       
   0         0         0         0         0         0         0         0         0         0         0         0         0       
   0         0         0         0         0         0         0         0         0         0         0         0         0       
   0         0         0         0         0         0         0         0         0         0         0         0         0       
   0         0         0         0         0         0         0         0         0         0         0         0         0       

CONTACT
EFC_TYPE
  0
  0
  0
  0
  0
  0
  0
  1
  1
  1
  1
  1
  1
  1
  1
  1
  1
  1
  1
  1

EFC_ID
  0
  0
  0
  1
  1
  1
  2
  0
  1
  2
  3
  4
  5
  6
  7
  8
  9
  10
  11
  12

EFC_J
   0.00013   0.00011   0.00012  -0.00011  -0.00012   0.00011  -0.00011   0         0         0        -0.003    -0.0081    0.011   
   3.8e-05  -7.7e-06   4.9e-06  -1.1e-06  -3.6e-06  -1.1e-05   1.2e-05   0         0         0         0.058    -0.014    -0.043   
   0        -4.8e-05  -3.8e-05   3.8e-05   3.9e-05  -5.2e-05   5.6e-05   0         0         0        -0.019    -0.013     0.032   
  -0.00016   4e-05    -0.00016  -3.6e-05   0.00016   4.1e-05   0.00015  -0.015    -0.005     0.02      0         0         0       
   3.7e-05  -2.9e-06   2.4e-05  -9.5e-07  -2.3e-05  -4.5e-06  -1.6e-05  -0.056     0.015     0.041     0         0         0       
   0        -2.6e-05   4.9e-05   3.8e-05  -5.1e-05  -2e-05    -7.3e-05  -0.018    -0.014     0.031     0         0         0       
   0         0         0         0         0         0         0         1         0         0        -1         0         0       
   1         0         0         0         0         0         0         0         0         0         0         0         0       
   0         1         0         0         0         0         0         0         0         0         0         0         0       
   0         0         1         0         0         0         0         0         0         0         0         0         0       
   0         0         0         1         0         0         0         0         0         0         0         0         0       
   0         0         0         0         1         0         0         0         0         0         0         0         0       
   0         0         0         0         0         1         0         0         0         0         0         0         0       
   0         0         0         0         0         0         1         0         0         0         0         0         0       
   0         0         0         0         0         0         0         1         0         0         0         0         0       
   0         0         0         0         0         0         0         0         1         0         0         0         0       
   0         0         0         0         0         0         0         0         0         1         0         0         0       
   0         0         0         0         0         0         0         0         0         0         1         0         0       
   0         0         0         0         0         0         0         0         0         0         0         1         0       
   0         0         0         0         0         0         0         0         0         0         0         0         1       

EFC_POS
   3.8e-05 
  -0.00013 
   0.00011 
   3.7e-05 
   0.00016 
   4e-05   
  -2.8e-06 
   0       
   0       
   0       
   0       
   0       
   0       
   0       
   0       
   0       
   0       
   0       
   0       
   0       

EFC_MARGIN
   0       
   0       
   0       
   0       
   0       
   0       
   0       
   0       
   0       
   0       
   0       
   0       
   0       
   0       
   0       
   0       
   0       
   0       
   0       
   0       

EFC_FRICTIONLOSS
   0       
   0       
   0       
   0       
   0       
   0       
   0       
   1       
   1       
   1       
   1       
   1       
   1       
   1       
   1       
   1       
   1       
   1       
   1       
   1       

EFC_DIAGAPPROX
   20      
   20      
   20      
   20      
   20      
   20      
   3.9e+02 
   1e+02   
   3.3     
   1.2e+02 
   3.2     
   1.5e+02 
   66      
   1.1e+03 
   1.9e+02 
   1.4e+04 
   3e+04   
   1.9e+02 
   1.4e+04 
   3e+04   

EFC_KBIP
   4.4e+04   4.2e+02   0.9       35      
   4.4e+04   4.2e+02   0.9       35      
   4.4e+04   4.2e+02   0.9       35      
   4.4e+04   4.2e+02   0.9       34      
   4.4e+04   4.2e+02   0.9       34      
   4.4e+04   4.2e+02   0.9       34      
   4.4e+04   4.2e+02   0.9      -0.56    
   0         1.1e+02   0.9       0       
   0         1.1e+02   0.9       0       
   0         1.1e+02   0.9       0       
   0         1.1e+02   0.9       0       
   0         1.1e+02   0.9       0       
   0         1.1e+02   0.9       0       
   0         1.1e+02   0.9       0       
   0         1.1e+02   0.9       0       
   0         1.1e+02   0.9       0       
   0         1.1e+02   0.9       0       
   0         1.1e+02   0.9       0       
   0         1.1e+02   0.9       0       
   0         1.1e+02   0.9       0       

EFC_D
   0.47    
   0.47    
   0.47    
   0.47    
   0.47    
   0.47    
   0.023   
   0.087   
   2.8     
   0.077   
   2.8     
   0.061   
   0.14    
   0.0084  
   0.047   
   0.00062 
   0.0003  
   0.047   
   0.00062 
   0.0003  

EFC_R
   2.1     
   2.1     
   2.1     
   2.1     
   2.1     
   2.1     
   43      
   11      
   0.36    
   13      
   0.36    
   16      
   7.3     
   1.2e+02 
   21      
   1.6e+03 
   3.4e+03 
   21      
   1.6e+03 
   3.4e+03 

TEN_VELOCITY
   0.00074 

ACTUATOR_VELOCITY
   0.0049  
  -0.091   
   0.0029  
  -0.0067  
   0.0089  
   0.16    
   0.014   
   0.00074 

CVEL
   0         0         0         0         0         0       
   0         0         0         0         0         0       
   0         0         0         0         0         0       
   0         0         0.0049   -1e-05     0.00041   0       
  -0.0065   -0.091     0.0049   -0.0012    0.0005    0.0076  
  -0.0057   -0.091     0.0077   -0.0012    0.00072   0.0076  
  -0.0057   -0.084     0.0079   -0.0029    0.00071   0.0079  
  -0.0084   -0.084    -0.00061  -0.0029    0.0012    0.0079  
   0.0085    0.079    -0.0024    0.013    -0.00046   0.011   
   0.0023    0.079    -0.015     0.013     0.0015    0.011   
   0.0023    0.079    -0.015     0.013     0.0015    0.011   
   0.0015    0.079    -0.015     0.013     0.0017    0.012   
  -0.46      0.13      0.21      0.045     0.14      0.044   
   0.19      0.059    -0.11      0.0058   -0.051     0.0076  
   0.0028    0.079    -0.015     0.013     0.0013    0.012   
  -0.21      0.1       0.09      0.013     0.068    -0.0036  
  -0.68      0.15      0.32      0.027     0.19     -0.0019  

CDOF_DOT
   0         0         0         0         0         0       
  -0.0049    0.00035   0         4.8e-06   6.6e-05  -4e-05   
  -0.087     0.0077    0.027     4.7e-05   0.0034   -0.00083 
   0.0098   -0.00011   0.0059    0.012     0.0016    0.024   
   0.08     -0.0078   -0.026    -0.0013   -0.0052    3.5e-05 
   0.0015   -0.00016   0.0003   -0.0097    0.00091   0.0053  
  -0.071     0.0087    0.035     0.00034   0.0068    0.00055 
   0.036     0.012     0.071     0.0056   -0.017    -9.3e-05 
  -0.036    -0.012    -0.071    -0.0086    0.017     0.0016  
   0.036     0.012     0.071     0.0047   -0.017     0.00034 
  -0.036    -0.012    -0.071    -0.00062   0.016    -0.0023  
   0.036     0.012     0.071    -0.0013   -0.016     0.0033  
  -0.036    -0.012    -0.071    -0.0019    0.016    -0.0017  

QFRC_BIAS
  -1.8e-05 
  -10      
  -0.0027  
   0.14    
  -0.0081  
  -0.6     
  -0.00063 
  -0.014   
  -0.0071  
  -0.0044  
  -0.015   
  -0.0068  
  -0.0045  

QFRC_SPRING
   0       
   0       
   0       
   0       
   0       
   0       
   0       
   0       
   0       
   0.13    
   0       
   0       
   0.13    

QFRC_DAMPER
  -0.049   
   0.91    
  -0.015   
   0.033   
  -0.045   
  -0.33    
  -0.028   
  -8.9e-05 
   0       
   0.00026 
  -5.8e-05 
   0       
   0.00095 

QFRC_GRAVCOMP
   0       
   0       
   0       
   0       
   0       
   0       
   0       
   0       
   0       
   0       
   0       
   0       
   0       

QFRC_FLUID
   0       
   0       
   0       
   0       
   0       
   0       
   0       
   0       
   0       
   0       
   0       
   0       
   0       

QFRC_PASSIVE
  -0.049   
   0.91    
  -0.015   
   0.033   
  -0.045   
  -0.33    
  -0.028   
  -8.9e-05 
   0       
   0.13    
  -5.8e-05 
   0       
   0.13    

EFC_VEL
  -0.01    
   0.029   
  -0.028   
  -0.0016  
  -0.017   
   0.00041 
   0.00031 
   0.0049  
  -0.091   
   0.0029  
  -0.0067  
   0.0089  
   0.16    
   0.014   
   0.00089 
  -0.51    
  -0.21    
   0.00058 
   0.24    
  -0.76    

EFC_AREF
   2.8     
  -7.2     
   7.3     
  -0.82    
   0.44    
  -1.8     
  -0.018   
  -0.52    
   9.6     
  -0.31    
   0.7     
  -0.94    
  -17      
  -1.5     
  -0.094   
   54      
   22      
  -0.061   
  -25      
   80      

SUBTREE_LINVEL
   0         0         0       
   0         0         0       
   0         0         0       
   0         0         0       
   0         0         0       
   0         0         0       
   0         0         0       
   0         0         0       
   0         0         0       
   0         0         0       
   0         0         0       
   0         0         0       
   0         0         0       
   0         0         0       
   0         0         0       
   0         0         0       
   0         0         0       

SUBTREE_ANGMOM
   0         0         0       
   0         0         0       
   0         0         0       
   0         0         0       
   0         0         0       
   0         0         0       
   0         0         0       
   0         0         0       
   0         0         0       
   0         0         0       
   0         0         0       
   0         0         0       
   0         0         0       
   0         0         0       
   0         0         0       
   0         0         0       
   0         0         0       

ACTUATOR_FORCE
   50      
   50      
   30      
   30      
   30      
  -20      
  -0.98    
  -0.35    

QFRC_ACTUATOR
   50      
   50      
   30      
   30      
   30      
  -20      
  -0.98    
  -0.18    
   0       
   0       
  -0.18    
   0       
   0       

QFRC_SMOOTH
   50      
   61      
   30      
   30      
   30      
  -20      
  -1       
  -0.16    
   0.0071  
   0.14    
  -0.16    
   0.0068  
   0.14    

QACC_SMOOTH
  -3.2e+02 
   2.4e+02 
   1.8e+03 
  -57      
   6.3e+03 
  -1.1e+03 
  -5.7e+03 
   0.12    
   6.7e+02 
   4.6e+03 
  -36      
  -55      
   4.3e+03 

EFC_B
   45      
  -1.8e+02 
   1.3e+02 
   88      
   2e+02   
   1.4e+02 
   36      
  -3.2e+02 
   2.3e+02 
   1.8e+03 
  -57      
   6.3e+03 
  -1.1e+03 
  -5.7e+03 
   0.21    
   6.2e+02 
   4.5e+03 
  -36      
  -30      
   4.2e+03 

EFC_FORCE
  -0.12    
   1.5     
  -0.66    
  -0.78    
  -1.9     
  -1.2     
  -0.028   
   1       
  -1       
  -1       
   1       
  -1       
   1       
   1       
  -0.019   
  -0.034   
  -0.014   
   0.037   
   0.015   
  -0.051   

EFC_STATE
  1
  1
  1
  1
  1
  1
  1
  2
  3
  3
  2
  3
  2
  2
  1
  1
  1
  1
  1
  1

QFRC_CONSTRAINT
   1       
  -1       
  -1       
   1       
  -1       
   1       
   1       
   0.092   
  -0.043   
  -0.14    
   0.16    
   0.004   
  -0.14    

QFRC_INVERSE
   0       
   0       
   0       
   0       
   0       
   0       
   0       
   0       
   0       
   0       
   0       
   0       
   0       

CACC
   0         0         0         0         0         0       
   0         0         0         0         0         0       
   0         0         0         0         0         0       
   0         0         0         0         0         0       
   0         0         0         0         0         0       
   0         0         0         0         0         0       
   0         0         0         0         0         0       
   0         0         0         0         0         0       
   0         0         0         0         0         0       
   0         0         0         0         0         0       
   0         0         0         0         0         0       
   0         0         0         0         0         0       
   0         0         0         0         0         0       
   0         0         0         0         0         0       
   0         0         0         0         0         0       
   0         0         0         0         0         0       
   0         0         0         0         0         0       

CFRC_INT
   0         0         0         0         0         0       
   0         0         0         0         0         0       
   0         0         0         0         0         0       
   0         0         0         0         0         0       
   0         0         0         0         0         0       
   0         0         0         0         0         0       
   0         0         0         0         0         0       
   0         0         0         0         0         0       
   0         0         0         0         0         0       
   0         0         0         0         0         0       
   0         0         0         0         0         0       
   0         0         0         0         0         0       
   0         0         0         0         0         0       
   0         0         0         0         0         0       
   0         0         0         0         0         0       
   0         0         0         0         0         0       
   0         0         0         0         0         0       

CFRC_EXT
   0         0         0         0         0         0       
   0         0         0         0         0         0       
   0         0         0         0         0         0       
   0         0         0         0         0         0       
   0         0         0         0         0         0       
   0         0         0         0         0         0       
   0         0         0         0         0         0       
   0         0         0         0         0         0       
   0         0         0         0         0         0       
   0         0         0         0         0         0       
   0         0         0         0         0         0       
   0         0         0         0         0         0       
   0         0         0         0         0         0       
   0         0         0         0         0         0       
   0         0         0         0         0         0       
   0         0         0         0         0         0       
   0         0         0         0         0         0       

TENDON_EFCADR         -1

